561
0
0
8
11
-2
41
71
5
8
-2
68
16
11
8
-2
69
54
9
8
-2
16
55
10
10
-2
51
70
5
5
-2
15
16
10
7
-2
17
79
11
5
-2
33
45
6
11
-2
54
80
8
8
-2
36
84
6
10
-2
66
77
10
6
-2
18
87
6
8
-2
44
28
5
7
-2
88
6
9
10
-2
1
19
5
7
-2
40
9
7
8
-2
70
92
7
6
-2
33
22
6
5
-2
83
24
11
6
-2
55
20
6
10
-2
29
67
7
5
-2
56
7
8
8
-2
69
39
9
10
-2
4
60
9
5
-2
7
90
9
9
-2
31
33
10
10
-2
23
43
5
7
-2
61
66
5
9
-2
10
6
11
6
-2
87
72
11
10
-2
84
41
8
5
-2
1
38
7
9
-2
87
61
6
8
-2
4
75
6
5
-2
51
49
5
10
-2
86
53
9
5
-2
28
9
7
10
-2
61
51
6
10
-2
69
30
10
7
-2
20
26
10
5
-2
56
32
10
7
-2
81
88
8
10
-2
71
66
11
8
-2
6
29
8
5
-2
11
39
7
10
-2
43
39
6
8
-2
55
91
10
7
-2
73
2
7
9
-2
14
67
11
9
-2
40
61
9
8
-2
81
34
8
5
-2
55
42
7
5
-2
92
85
7
5
-2
8
51
5
7
-2
24
0
7
5
-2
-1
0
0
0
-3
2
11
2
19
-3
8
6
10
6
-3
20
12
20
16
-3
21
11
28
11
-3
20
23
20
26
-3
33
19
33
22
-3
29
5
29
9
-3
35
16
40
16
-3
14
30
20
30
-3
36
27
36
33
-3
6
34
6
38
-3
34
43
34
45
-3
41
39
43
39
-3
8
46
11
46
-3
28
49
33
49
-3
47
35
47
39
-3
49
43
55
43
-3
11
49
11
51
-3
24
50
24
55
-3
49
29
55
29
-3
55
47
55
49
-3
61
39
61
42
-3
62
44
69
44
-3
10
58
10
60
-3
24
65
24
67
-3
58
15
58
20
-3
61
21
68
21
-3
56
57
61
57
-3
66
33
69
33
-3
74
49
74
54
-3
78
44
84
44
-3
24
76
24
79
-3
25
68
29
68
-3
10
75
14
75
-3
77
11
77
16
-3
65
61
65
66
-3
79
36
81
36
-3
76
62
76
66
-3
78
56
86
56
-3
36
67
40
67
-3
80
10
88
10
-3
61
75
61
80
-3
56
74
61
74
-3
88
30
88
34
-3
75
74
75
77
-3
82
72
87
72
-3
92
58
92
61
-3
41
69
41
71
-3
96
82
96
85
-3
89
88
92
88
-3
77
95
81
95
-3
65
97
70
97
-3
41
79
41
84
-3
21
84
21
87
-3
16
90
18
90
-3
